25 500
-15 12 -9 0
-23 8 -10 0
11 1 -13 0
-19 18 24 0
14 -19 25 0
24 14 22 0
-6 -9 -15 0
-7 -10 25 0
12 9 3 0
-21 19 -23 0
6 2 -10 0
-10 15 4 0
25 13 24 0
19 -11 -12 0
-25 9 13 0
25 -13 -19 0
12 17 20 0
-10 12 -9 0
-6 9 -10 0
-10 3 -4 0
-12 -5 -25 0
-3 -16 -11 0
-23 6 -2 0
-23 20 -6 0
-3 6 -2 0
7 14 4 0
23 -7 17 0
1 18 -2 0
7 23 3 0
-3 -7 23 0
4 -23 11 0
-16 11 -2 0
-19 -13 -22 0
-19 -20 21 0
-22 -21 -18 0
13 -11 -5 0
2 -9 5 0
-23 18 -21 0
14 -3 11 0
12 19 4 0
1 22 13 0
25 -10 -14 0
13 11 -6 0
24 18 -17 0
-17 -13 -7 0
23 -17 -11 0
16 -21 -3 0
-18 -12 1 0
13 18 -23 0
-17 18 13 0
-13 -9 -21 0
-17 -10 12 0
10 7 -22 0
-16 -18 9 0
13 14 -2 0
-4 -24 -22 0
16 14 -25 0
13 18 21 0
25 20 -18 0
-18 -21 -3 0
7 -24 13 0
-19 -14 23 0
8 3 25 0
-3 -12 22 0
10 12 -25 0
-1 -12 -18 0
-23 9 -5 0
2 9 22 0
-3 14 -21 0
4 20 2 0
-22 -8 19 0
6 -17 10 0
-13 -3 1 0
-16 3 -5 0
-19 7 22 0
18 -20 23 0
-13 -7 -24 0
2 -6 20 0
-12 -10 -11 0
11 -19 -5 0
-11 7 -9 0
-2 -7 13 0
1 -6 24 0
14 9 -18 0
-15 -2 20 0
8 -23 16 0
14 4 -18 0
-13 9 22 0
3 18 21 0
-22 -3 -7 0
-2 17 15 0
-22 18 -16 0
13 18 3 0
12 -10 4 0
20 14 8 0
19 -9 -18 0
20 22 -15 0
5 25 -12 0
-19 20 -3 0
1 -22 -9 0
10 -16 -25 0
-24 18 21 0
-7 19 14 0
10 15 4 0
9 18 -13 0
-22 8 -24 0
-13 3 -11 0
22 17 -11 0
-17 16 -12 0
25 -11 -14 0
8 13 5 0
-4 21 -14 0
-6 -7 -16 0
-14 8 -13 0
21 -2 -25 0
7 21 4 0
24 -6 -7 0
12 -1 -23 0
25 6 -21 0
2 1 25 0
-17 18 8 0
-7 -2 16 0
5 1 12 0
16 -2 -9 0
10 -15 16 0
21 6 -18 0
13 -7 24 0
14 24 -13 0
4 17 13 0
-13 19 -18 0
-17 -15 11 0
7 -22 -5 0
-24 -16 -4 0
-3 8 -10 0
18 -24 -8 0
2 10 -6 0
-19 -11 18 0
-16 -19 -25 0
-13 21 24 0
-11 3 8 0
-10 14 -12 0
10 -20 -1 0
12 8 15 0
2 14 -4 0
-10 -22 17 0
19 -24 -18 0
-21 -23 14 0
18 -11 -14 0
-16 -23 -4 0
-8 9 12 0
-4 -20 25 0
15 -21 10 0
-9 -10 -21 0
-13 7 -15 0
-6 8 -22 0
-18 10 -17 0
-4 -21 12 0
-23 7 13 0
-10 17 11 0
13 -18 9 0
-23 -10 22 0
18 11 24 0
-4 -16 -14 0
6 -11 3 0
18 6 2 0
-8 14 -3 0
-15 -14 -13 0
-24 13 -2 0
1 17 21 0
-23 -15 -14 0
6 8 7 0
23 -20 -24 0
24 14 -8 0
-20 -9 -6 0
24 12 5 0
5 -17 -13 0
-21 22 12 0
-14 6 -15 0
-10 -1 -7 0
5 14 -7 0
14 -5 9 0
17 11 5 0
-5 -18 -16 0
-18 23 22 0
19 17 1 0
18 -14 -5 0
10 6 -14 0
14 -3 16 0
-25 14 -10 0
-17 -18 -21 0
10 -7 -1 0
21 1 2 0
10 22 15 0
-13 4 -20 0
-18 19 13 0
10 21 12 0
6 3 -7 0
19 -22 -12 0
13 10 -20 0
-3 24 -15 0
22 20 -8 0
-13 -4 21 0
13 -23 21 0
20 8 -16 0
25 -18 9 0
-9 -12 13 0
-3 17 22 0
10 20 -6 0
13 -24 1 0
21 24 -22 0
-8 19 25 0
-21 11 4 0
1 -18 6 0
-25 -10 9 0
4 8 -6 0
-14 -19 -10 0
2 10 3 0
16 -3 22 0
8 -9 -15 0
12 -5 -3 0
-1 -10 -3 0
-16 8 23 0
11 -13 10 0
13 3 -17 0
24 22 18 0
-20 -9 -18 0
-17 13 24 0
21 -18 -20 0
-13 19 -5 0
-13 1 -11 0
9 -17 12 0
22 2 1 0
7 2 -4 0
25 14 -13 0
22 16 -17 0
-2 -13 16 0
-16 15 -6 0
25 -7 -16 0
23 -18 5 0
-2 -18 23 0
18 -2 15 0
-13 -5 -23 0
-8 -21 -5 0
-14 21 16 0
-1 -7 4 0
-1 18 -5 0
-23 14 -24 0
18 14 -23 0
-1 -8 -11 0
-20 1 -18 0
12 10 9 0
-1 -2 -8 0
-9 17 8 0
-4 -23 -1 0
11 21 13 0
18 -11 -14 0
5 16 -21 0
-8 -20 -6 0
-23 18 16 0
18 20 6 0
-10 -18 16 0
-18 -3 20 0
3 22 -25 0
-2 10 -8 0
2 25 11 0
14 4 5 0
-5 -3 4 0
21 14 -9 0
-5 -10 -22 0
-16 -7 -6 0
-9 -21 24 0
-1 -24 -12 0
-14 5 4 0
-22 15 6 0
-16 -22 -8 0
-15 -25 -21 0
20 -21 16 0
-2 -11 5 0
15 5 -12 0
-23 -7 -21 0
-8 -23 16 0
-16 13 23 0
23 -3 15 0
-8 -11 -9 0
7 16 -25 0
22 16 20 0
-19 -2 1 0
-21 5 -10 0
-6 11 -23 0
6 19 15 0
-5 18 -7 0
10 6 -19 0
22 -24 -25 0
-21 -1 -11 0
-8 6 22 0
18 2 15 0
-19 -11 -2 0
-17 12 -22 0
18 9 -7 0
-18 14 -4 0
-23 19 -15 0
-21 -5 -23 0
7 5 -17 0
22 21 -20 0
-24 -17 19 0
-11 -13 -21 0
-19 11 -21 0
12 7 19 0
16 7 2 0
-1 -11 -22 0
-1 9 -2 0
12 -1 2 0
-21 5 -8 0
-20 23 24 0
-25 9 -22 0
11 4 12 0
12 5 -19 0
-9 14 -3 0
-14 -6 -18 0
5 -13 9 0
-12 10 -13 0
-9 -17 19 0
22 -12 10 0
-25 -24 21 0
3 -9 -11 0
-11 8 20 0
15 1 -17 0
-25 -18 -24 0
18 22 -19 0
-11 -16 -3 0
-19 -2 -7 0
16 14 -15 0
-20 -1 14 0
17 -11 -9 0
5 -3 12 0
6 17 4 0
-1 20 -16 0
-11 -23 17 0
-12 -9 20 0
17 24 -15 0
6 -11 5 0
12 23 4 0
18 -23 -4 0
-19 9 -3 0
-25 -22 -20 0
3 -6 11 0
-16 2 -7 0
25 22 -17 0
-22 24 23 0
-20 12 -24 0
-15 3 -4 0
-9 -25 -21 0
-9 -18 -20 0
14 -16 24 0
-14 -10 -22 0
-11 -13 25 0
9 22 4 0
-20 -22 19 0
-5 20 19 0
4 -1 20 0
16 22 21 0
25 -15 8 0
-4 12 6 0
-5 -21 24 0
3 -25 1 0
-20 -19 2 0
22 14 -13 0
11 -17 2 0
14 -22 -23 0
-17 -23 -3 0
12 24 -21 0
24 16 -5 0
13 18 -16 0
18 4 11 0
-1 4 -2 0
-22 -21 -24 0
16 -12 -2 0
16 -14 -10 0
19 -12 -21 0
-12 -21 25 0
2 -15 21 0
-24 6 -20 0
23 -5 -7 0
22 12 -20 0
13 -3 -17 0
3 12 -13 0
1 -7 16 0
-23 11 4 0
11 22 -23 0
24 -6 25 0
-14 9 5 0
22 21 6 0
21 -12 8 0
21 -18 -8 0
-5 2 -4 0
7 -11 8 0
7 -22 14 0
-20 -8 16 0
-25 21 4 0
-23 5 9 0
-3 21 9 0
22 9 1 0
-24 16 -5 0
23 7 -15 0
-5 -1 21 0
-14 -24 -2 0
9 -10 22 0
-20 12 19 0
20 -24 9 0
-25 -4 12 0
1 5 -7 0
15 -10 -5 0
-15 5 9 0
-8 5 18 0
17 -6 -16 0
-12 2 6 0
-3 13 -6 0
3 21 4 0
-21 18 -14 0
17 -2 -22 0
6 24 -21 0
-11 14 -12 0
-15 -4 -14 0
-3 -10 17 0
7 -15 -4 0
-23 2 15 0
17 -24 -15 0
-21 5 10 0
-25 -20 1 0
23 7 -6 0
-24 -6 11 0
9 16 -3 0
-8 10 -14 0
2 -7 18 0
4 -20 -18 0
-6 19 -1 0
4 19 -10 0
24 13 25 0
11 7 13 0
14 -12 -4 0
2 -1 17 0
-21 20 -6 0
24 -15 -19 0
22 1 -13 0
-14 -20 -25 0
22 -16 -24 0
2 -14 -25 0
25 -4 -14 0
7 24 -25 0
-21 -1 15 0
6 10 -13 0
-15 -4 5 0
-11 24 6 0
-24 12 11 0
16 22 2 0
-19 -17 20 0
-10 -25 22 0
22 8 -9 0
-6 24 16 0
-16 2 4 0
-19 -25 5 0
23 -20 -10 0
9 24 -3 0
17 11 -15 0
-10 -1 21 0
23 18 -3 0
-16 -4 18 0
-19 25 -8 0
12 2 24 0
-20 19 9 0
-18 5 1 0
18 -23 11 0
19 16 2 0
13 -23 -14 0
20 -17 3 0
-24 3 -12 0
-12 8 5 0
-15 19 -8 0
-3 8 14 0
-17 -23 -12 0
-21 24 10 0
-25 -16 -8 0
-10 -13 -22 0
-3 -20 23 0
24 11 -1 0
-8 -3 19 0
20 16 18 0
16 -21 -25 0
-2 -23 12 0
3 -13 -17 0
-24 -5 -2 0
20 -15 -8 0
-23 -7 15 0
14 -20 -8 0
-7 -22 8 0
-22 10 -23 0
-8 19 -23 0
-18 16 -6 0
-4 24 -23 0
3 9 -17 0
