30 500
-27 -21 0
11 1 -29 0
28 14 21 0
2 -29 0
-11 -5 -8 0
4 -9 0
-13 9 16 0
-19 -20 0
23 27 3 0
30 4 -1 0
16 28 0
20 -13 0
20 -4 0
-16 -27 0
6 21 0
-29 30 27 0
-10 -5 -3 0
-7 5 0
19 -16 0
17 21 0
16 -25 0
-8 27 -14 0
27 13 0
-23 -29 -27 0
-22 5 -11 0
-7 -23 2 0
22 -28 0
-17 28 0
15 24 0
9 -29 0
-1 -16 -24 0
-18 27 0
23 17 0
-17 -1 0
-16 -23 30 0
17 -4 0
-21 -6 0
6 -7 0
-2 -18 0
-18 11 2 0
6 -4 0
10 -1 -15 0
-17 -6 0
-22 -21 -11 0
-28 -30 3 0
-9 -14 0
-15 17 14 0
-20 -6 27 0
-7 27 30 0
2 -21 0
27 -23 12 0
9 18 0
30 12 4 0
5 -21 0
-16 -18 -13 0
-25 7 -20 0
-13 -17 0
-6 -5 0
-19 15 0
22 21 0
23 22 -20 0
19 -30 20 0
1 21 30 0
-12 -4 0
4 -22 0
17 -15 0
-28 -25 0
-27 8 29 0
25 -20 0
-22 10 0
-23 -28 4 0
-13 -23 -30 0
-19 30 22 0
-23 19 0
-19 14 0
-22 28 25 0
-25 -2 -16 0
20 4 0
24 -23 27 0
-11 -2 0
-7 24 -16 0
29 -5 0
20 -10 -25 0
-13 -10 -25 0
-25 21 0
-19 -12 0
2 -16 6 0
1 10 26 0
23 15 0
-6 -3 17 0
14 -28 -20 0
14 10 0
-6 -4 0
-5 -23 -2 0
15 19 -29 0
10 18 0
15 -8 0
24 -2 0
27 8 0
-19 4 0
-17 -3 23 0
-6 4 7 0
-22 20 4 0
17 -11 0
-6 3 0
-26 -25 10 0
-25 -23 0
-1 8 -23 0
-30 -17 -16 0
15 -24 0
8 19 -9 0
27 -11 0
6 25 0
14 -30 25 0
24 21 6 0
15 -23 0
16 6 19 0
24 13 0
-9 -25 11 0
-1 6 0
27 -3 -28 0
-29 6 0
-25 -10 0
8 -29 0
-4 -26 0
14 -8 -25 0
19 4 0
3 4 6 0
18 -9 -23 0
-18 -11 29 0
24 29 0
-16 18 0
28 -10 0
-18 -20 27 0
18 19 9 0
10 14 0
-14 -26 -16 0
-27 -16 0
19 25 -3 0
-21 -11 0
-7 10 -30 0
12 22 0
-27 -18 0
-25 -5 -15 0
30 23 13 0
-24 1 0
-14 -30 7 0
-17 -15 -2 0
15 -12 -14 0
6 -9 -25 0
18 25 0
25 10 0
28 -27 12 0
7 -14 -20 0
13 23 0
-8 -17 20 0
-7 -27 9 0
-4 -16 -27 0
8 -11 21 0
-5 -2 0
4 -14 0
-10 1 0
-7 -9 0
26 -12 0
-10 -15 0
20 5 -3 0
3 25 0
-2 -7 0
27 -1 -14 0
24 -27 -13 0
19 18 0
-12 16 28 0
11 1 -7 0
-13 -5 16 0
19 24 0
17 13 0
-24 -26 -15 0
-2 8 0
21 -11 0
16 30 0
23 19 0
-26 -18 0
-18 -19 0
4 -9 0
-20 -4 0
-1 26 25 0
8 -25 0
-12 -8 0
25 -9 0
6 12 0
-22 19 -20 0
-27 15 0
9 -4 0
17 -26 8 0
25 23 0
-27 -2 0
8 -21 0
-4 -5 0
29 22 0
18 -15 0
5 6 -21 0
-27 16 0
10 -8 27 0
-28 -3 -10 0
9 8 -22 0
24 23 0
29 16 0
13 -30 11 0
15 10 0
6 -14 -8 0
26 -8 1 0
28 21 0
-21 -14 0
27 25 3 0
-15 -10 -27 0
24 -14 -8 0
-8 -29 -2 0
-9 -15 0
-27 26 0
20 -1 0
-7 -19 0
6 21 0
-22 -2 0
19 2 0
22 -23 0
-2 8 -17 0
15 11 0
12 -5 4 0
21 19 0
24 27 0
29 19 -24 0
14 4 0
-25 -26 -9 0
-10 25 0
16 -4 0
29 13 0
-10 13 -8 0
30 29 0
23 7 -19 0
-15 -7 -29 0
1 -7 25 0
-21 -23 0
-18 -23 -1 0
1 5 0
-26 23 -27 0
17 13 -10 0
18 -3 0
8 -1 29 0
-8 1 11 0
16 22 0
-4 -2 -20 0
9 -5 16 0
-1 -9 -18 0
-25 26 7 0
8 12 0
2 -17 0
-27 -8 0
-16 -17 0
28 -27 6 0
-29 12 0
-2 -12 0
-15 8 0
-12 -16 -9 0
5 27 18 0
7 21 14 0
21 29 9 0
29 -19 -17 0
19 -13 0
8 28 0
-22 -13 0
-26 1 24 0
-5 2 0
18 -7 0
12 17 0
-3 11 0
-9 7 0
19 27 -11 0
14 -29 -15 0
-2 -4 0
-3 8 11 0
1 -2 0
18 28 0
-5 1 0
-8 -14 -17 0
9 -4 0
-14 -10 20 0
23 27 -8 0
28 14 0
27 28 1 0
-10 29 0
17 -4 -14 0
-2 29 -19 0
-8 -3 28 0
-2 -22 0
-8 -4 0
12 9 -14 0
4 -5 21 0
-6 -17 28 0
-8 -23 0
-27 -14 -11 0
29 27 16 0
7 -25 -26 0
-11 -27 0
-16 14 0
19 -29 0
-21 2 0
-20 -29 0
15 -22 0
30 19 0
-13 26 -17 0
24 12 13 0
-2 -1 0
16 19 0
14 -16 0
-10 15 0
2 -5 -24 0
18 -17 0
-13 -8 0
6 26 23 0
5 21 0
-16 -9 1 0
24 5 0
3 7 -10 0
6 -10 -29 0
23 3 -4 0
-7 23 -4 0
22 5 0
-29 -17 22 0
10 9 6 0
14 3 0
15 6 0
12 -2 -27 0
3 -2 0
-5 -13 0
11 -9 0
-18 -15 0
-11 10 0
28 17 0
29 30 7 0
-23 -27 -8 0
11 -27 0
5 -19 0
13 11 -29 0
18 10 -24 0
6 -24 -21 0
23 -16 0
-30 -10 -23 0
27 -14 0
9 -18 0
25 -20 0
-14 10 -21 0
9 5 -19 0
9 23 0
-18 -30 -22 0
25 -16 -13 0
21 -2 0
5 18 0
2 22 -24 0
-5 -15 0
13 11 -3 0
4 -21 26 0
-13 29 -3 0
29 23 -19 0
25 29 -2 0
16 -9 0
27 30 0
6 -18 0
6 12 10 0
-21 15 -23 0
-5 -28 0
27 30 20 0
-3 13 22 0
11 14 0
26 -6 -2 0
-12 -27 -10 0
-1 -7 25 0
17 20 0
-9 -15 0
26 -16 -12 0
-8 21 9 0
20 -24 0
17 28 0
10 -29 4 0
-26 7 27 0
-24 -9 23 0
4 -29 25 0
-5 -18 0
17 7 -6 0
-10 -8 27 0
-6 -21 0
-8 -28 0
15 -7 12 0
-26 -20 29 0
15 -20 0
24 26 10 0
24 30 0
29 10 0
-22 29 0
-11 -5 0
-6 22 0
-7 6 -20 0
-10 9 21 0
10 24 14 0
-1 -3 29 0
4 17 0
-9 -14 0
24 26 0
12 10 2 0
5 19 -24 0
20 24 0
-19 -28 25 0
29 30 -7 0
-16 1 0
19 -21 0
-19 10 16 0
-30 7 4 0
-10 1 29 0
23 11 -12 0
12 -2 11 0
6 -5 18 0
27 -3 -25 0
26 21 0
13 -24 0
25 -1 4 0
16 11 -17 0
-18 -5 6 0
6 -29 4 0
-1 -22 0
16 25 0
-22 24 0
-27 -26 14 0
14 -17 0
-3 -6 0
11 -21 0
14 -30 0
3 -30 12 0
28 -6 23 0
26 28 22 0
10 -27 21 0
3 -1 0
-16 -11 -5 0
-24 -2 0
29 -5 -30 0
-10 -21 0
15 -4 21 0
21 10 0
6 4 13 0
-2 -29 0
24 10 12 0
-23 28 0
7 -8 0
-30 -24 5 0
15 6 0
-23 30 0
-19 14 0
-13 3 9 0
8 -26 0
-15 19 0
21 15 -7 0
-18 -10 0
6 10 0
24 -25 0
1 -20 -13 0
14 -23 15 0
17 29 0
15 8 0
12 1 0
2 24 0
-6 4 -10 0
13 17 -28 0
-8 -29 0
-25 -1 0
29 -22 0
-17 1 2 0
3 6 -12 0
-22 -30 20 0
13 16 21 0
-22 17 30 0
-8 -14 0
-27 -6 -18 0
-4 13 0
2 27 0
-2 15 -23 0
8 20 0
-7 5 0
4 10 19 0
13 20 -10 0
13 -17 0
-24 15 1 0
2 23 22 0
-25 16 0
-29 -3 0
27 14 0
3 20 13 0
14 -24 0
24 5 2 0
24 21 0
2 -20 16 0
-22 2 16 0
-18 -26 0
