30 500
26 20 -7 0
-27 -1 -2 0
9 13 6 0
9 30 10 0
12 -16 27 0
-23 -17 2 0
-18 27 15 0
9 -23 -15 0
28 5 25 0
14 24 18 0
-23 -27 -26 0
-7 14 22 0
24 -11 -29 0
-3 -23 30 0
-29 -14 4 0
-26 16 -5 0
17 -13 9 0
1 -27 12 0
11 14 -6 0
-7 -27 -20 0
18 6 2 0
25 1 -15 0
-17 -9 -26 0
5 26 1 0
26 -10 15 0
-20 -6 -14 0
-22 -30 25 0
-8 25 10 0
-20 -13 -23 0
3 6 -4 0
-24 12 30 0
13 -23 15 0
-18 -30 -9 0
11 13 -3 0
-22 8 5 0
11 -6 -21 0
25 -9 15 0
-22 4 -6 0
20 -12 -22 0
7 25 1 0
13 -26 21 0
18 3 24 0
8 15 14 0
19 -26 4 0
8 10 -11 0
27 -10 -13 0
-24 29 21 0
5 23 -19 0
1 2 18 0
-14 21 -13 0
-17 2 7 0
-27 -1 2 0
23 2 12 0
-15 -10 -22 0
-3 -14 7 0
14 -20 10 0
-9 -28 -15 0
-18 28 26 0
-3 25 13 0
-18 16 20 0
29 26 -28 0
21 17 -23 0
-30 -1 -16 0
29 -2 21 0
18 13 20 0
15 5 29 0
-7 4 24 0
18 8 7 0
-30 1 7 0
24 29 -14 0
-17 20 26 0
-22 8 -11 0
-22 -25 -26 0
4 -27 29 0
-12 -11 9 0
17 -12 4 0
19 -12 -30 0
26 14 -23 0
-9 -10 -7 0
7 28 14 0
13 -16 12 0
28 -2 -30 0
-27 -5 1 0
-15 -25 22 0
-10 -26 -9 0
23 -9 -5 0
5 15 -26 0
-22 12 21 0
-5 16 -1 0
6 16 15 0
4 2 20 0
-3 11 21 0
15 -6 -17 0
11 -3 2 0
-1 -3 23 0
-27 -20 3 0
22 -2 18 0
18 -15 9 0
-21 1 9 0
-1 -12 -9 0
-25 24 15 0
-5 1 15 0
25 2 -28 0
-9 -27 -18 0
22 20 11 0
26 7 1 0
23 -8 -11 0
-21 -24 25 0
-6 -27 -24 0
14 -5 3 0
-9 -25 -12 0
-12 5 -2 0
-9 -29 -20 0
-3 -30 16 0
-18 -6 -7 0
2 -29 -18 0
4 -29 -21 0
-30 -26 -23 0
-9 -26 18 0
27 10 15 0
27 -2 -15 0
-19 18 20 0
24 -1 -7 0
-22 19 -12 0
12 -19 6 0
-11 21 12 0
24 -23 -18 0
28 -10 -23 0
29 -13 4 0
2 -11 -3 0
-17 6 -12 0
-28 25 -10 0
8 -5 30 0
-8 9 19 0
-19 17 -5 0
13 -18 -8 0
-8 -12 -3 0
-30 24 -3 0
14 -10 7 0
4 17 1 0
4 25 -30 0
5 11 -28 0
6 3 11 0
7 -15 -22 0
-28 -21 -6 0
11 3 12 0
-27 -17 -26 0
-12 30 1 0
-4 -15 17 0
-15 -26 -25 0
-8 5 26 0
-3 12 -25 0
-27 18 -19 0
-30 13 11 0
20 24 -5 0
8 21 -4 0
11 13 30 0
25 8 24 0
-9 -4 -16 0
28 -10 18 0
2 23 -6 0
-16 -14 -23 0
-16 2 -22 0
-7 10 -26 0
8 -22 -27 0
-3 -16 -7 0
-1 -19 -13 0
27 9 26 0
11 -13 -28 0
-18 -7 17 0
-21 15 17 0
20 -3 -2 0
-1 -24 28 0
-29 -6 -13 0
17 -3 5 0
17 12 -18 0
-17 29 -21 0
7 -2 12 0
-6 -27 -13 0
-16 8 -30 0
23 28 2 0
-29 18 9 0
-8 -13 12 0
26 23 -6 0
5 -26 -4 0
-7 13 25 0
16 2 -14 0
13 20 6 0
27 29 -21 0
8 -4 22 0
-5 25 20 0
5 27 18 0
-15 1 17 0
-12 6 22 0
23 17 1 0
10 30 -27 0
13 8 4 0
-13 24 -16 0
-1 21 28 0
2 29 3 0
2 6 21 0
-20 -10 -5 0
22 10 -17 0
-21 30 10 0
-25 10 -13 0
-9 -15 28 0
2 16 13 0
23 6 -17 0
26 -27 -18 0
17 -10 -29 0
-22 7 -19 0
-22 19 5 0
-21 9 -28 0
26 11 4 0
-17 19 13 0
-7 23 11 0
-17 5 2 0
-3 -23 -13 0
-16 -17 7 0
23 -5 -28 0
-9 -27 22 0
1 -8 9 0
-7 2 -3 0
-16 17 -12 0
-2 28 -3 0
-29 -11 19 0
25 30 -18 0
-15 -8 -18 0
-12 13 5 0
-22 6 9 0
18 -4 -22 0
-16 -20 -3 0
-8 -29 -7 0
-6 8 30 0
-21 -19 15 0
-28 22 -8 0
11 -1 -27 0
11 -20 -22 0
11 24 -15 0
29 -24 14 0
-16 15 -5 0
-17 16 -13 0
30 27 20 0
-14 6 21 0
22 -6 29 0
20 8 16 0
-29 -17 12 0
-18 19 30 0
-5 -7 25 0
-18 -23 -8 0
-12 23 5 0
-23 4 5 0
-9 4 -13 0
4 -11 -12 0
18 22 -29 0
21 29 -23 0
-8 21 -12 0
-9 8 -14 0
-8 -12 23 0
26 -9 -21 0
5 -14 -23 0
-23 -3 30 0
7 -16 20 0
10 8 -6 0
-3 15 -10 0
-21 -27 -23 0
-21 -20 -14 0
-26 13 -9 0
7 -17 -28 0
16 -7 -26 0
22 17 15 0
30 26 -25 0
4 11 5 0
4 -16 -29 0
18 -15 -28 0
-8 -7 5 0
-27 21 -6 0
-14 -7 2 0
-1 -23 -25 0
-21 -10 -8 0
7 -1 -30 0
-22 19 11 0
-19 23 21 0
-30 11 -2 0
-18 -30 -5 0
-19 24 -28 0
-7 -27 -9 0
-1 12 -11 0
2 -4 26 0
-10 -2 -9 0
-22 -27 -15 0
-23 26 8 0
-28 -25 1 0
-1 -17 6 0
-10 8 5 0
-15 -27 -1 0
-20 15 -13 0
7 -29 20 0
10 -28 -22 0
-18 -2 26 0
27 -5 28 0
-23 4 -28 0
27 -3 -14 0
-14 -28 -10 0
16 23 -25 0
5 -17 22 0
16 13 -15 0
-7 30 -22 0
-8 17 19 0
17 30 1 0
-7 12 -29 0
-10 29 1 0
14 19 3 0
27 16 22 0
-24 20 6 0
7 8 25 0
-24 15 -7 0
-27 -22 -8 0
-4 23 2 0
1 -2 -25 0
20 3 -15 0
-2 23 -29 0
-23 26 -21 0
-12 -13 -20 0
-21 13 -27 0
-20 -10 -30 0
-30 10 21 0
-18 -4 9 0
-5 -29 22 0
15 29 -9 0
-20 17 -25 0
18 -14 7 0
30 -28 19 0
11 -25 -2 0
-15 3 -17 0
18 23 9 0
28 -26 -4 0
-10 19 7 0
-28 -3 -12 0
14 -23 15 0
24 -18 -16 0
2 26 24 0
-23 14 2 0
-9 -29 13 0
19 -12 -26 0
-10 -12 9 0
-23 -18 2 0
30 16 -21 0
-12 24 -21 0
-27 2 -1 0
-13 15 -30 0
-29 -3 1 0
-19 -11 -28 0
-1 18 -9 0
21 3 -28 0
-26 22 -15 0
-16 -5 -3 0
-23 12 8 0
-9 -2 -20 0
15 -16 23 0
27 25 -22 0
12 -28 14 0
-7 3 -19 0
-5 10 22 0
16 -24 18 0
-9 16 26 0
18 -7 21 0
7 30 20 0
7 -20 28 0
22 13 21 0
14 22 30 0
-21 8 -27 0
29 5 -17 0
8 -14 15 0
-10 -11 -17 0
5 30 15 0
11 -24 -22 0
-4 14 2 0
-17 22 2 0
-7 23 9 0
30 -15 11 0
6 2 20 0
4 26 18 0
3 -14 7 0
7 -11 -20 0
23 26 15 0
-8 -16 -11 0
-30 21 -12 0
26 -5 -7 0
16 25 6 0
-5 2 28 0
29 13 23 0
26 -9 30 0
1 -21 -5 0
2 9 -19 0
10 19 30 0
15 -8 -18 0
16 -12 -5 0
-16 -19 20 0
14 27 22 0
1 -13 25 0
-5 4 -11 0
-18 26 -9 0
21 -26 16 0
-24 30 8 0
-21 3 24 0
-19 -8 -17 0
26 17 23 0
-1 30 28 0
28 -4 -14 0
16 -10 -18 0
23 14 -27 0
-7 8 -14 0
-1 -12 22 0
-13 27 -6 0
-13 -18 -4 0
-20 -13 17 0
5 2 -26 0
4 -25 10 0
15 -20 17 0
-23 8 15 0
-13 -25 -26 0
12 28 23 0
26 5 -30 0
16 22 12 0
-12 -26 10 0
10 -1 9 0
-26 -12 -30 0
-23 -15 5 0
-15 5 3 0
28 18 -30 0
23 -24 -19 0
2 24 -30 0
1 -4 -3 0
-17 10 26 0
-24 4 20 0
12 4 -27 0
19 -6 18 0
-8 -3 -13 0
8 -26 19 0
-16 -17 -7 0
30 18 19 0
-10 -1 -24 0
24 -2 8 0
-6 -7 -2 0
8 5 16 0
-3 2 25 0
-28 15 8 0
-21 -24 9 0
-6 15 7 0
-8 9 -22 0
24 -12 -23 0
13 2 7 0
-25 -22 -23 0
-30 -15 5 0
-7 27 3 0
22 19 -23 0
-18 7 28 0
17 -2 3 0
7 -25 17 0
-23 -1 2 0
-25 -21 26 0
9 14 7 0
-17 22 16 0
21 -8 7 0
13 11 2 0
-22 -30 -21 0
-18 26 1 0
-9 18 -28 0
7 27 -6 0
-14 -16 5 0
16 20 -10 0
-23 -25 -24 0
-29 -11 -27 0
-30 -13 16 0
29 -12 -30 0
18 -4 -27 0
-7 -21 11 0
-11 16 2 0
10 13 -25 0
2 -21 -27 0
27 -22 13 0
-18 -9 -14 0
-28 -15 -24 0
-3 5 -7 0
-24 -9 -7 0
-6 -15 16 0
21 -13 14 0
-26 -27 19 0
-24 25 20 0
-15 12 5 0
15 -21 -28 0
-23 -9 -22 0
20 17 -7 0
-4 2 9 0
9 15 -25 0
-23 29 -21 0
-8 -2 25 0
-17 -13 1 0
-12 -27 9 0
